MEMORY
  total            14.4 MB
  struct          159.2 KB
  buffer          293.5 KB
  arena            14.0 MB, used 0.2%

SIZES
  narena                14680064
  nbuffer               300592
  nplugin               0
  maxuse_stack          5544
  maxuse_arena          35672
  maxuse_con            11
  maxuse_efc            47
  ncon                  0
  ne                    1
  nf                    0
  nl                    1
  nefc                  2
  nJ                    18
  nA                    0
  nisland               0
  nidof                 0
  threadpool            0

TIMER
    0:  duration =  0.072      number = 1
    1:  duration =  0.069      number = 1
    2:  duration =  0          number = 0
    3:  duration =  0.057      number = 1
    4:  duration =  0.0036     number = 1
    5:  duration =  0.0009     number = 1
    6:  duration =  0.0066     number = 1
    7:  duration =  0.0022     number = 1
    8:  duration =  0.0074     number = 1
    9:  duration =  0.0016     number = 1
    10:  duration =  0.042      number = 1
    11:  duration =  0.0052     number = 1
    12:  duration =  3.5e-05    number = 1
    13:  duration =  0.0043     number = 1
    14:  duration =  0.024      number = 1

SOLVER STAT
  solver_fwdinv =   0         0       
  ISLAND 0
    solver_niter = 1
    solver_nnz = 81
      0:  improvement =  0.045       gradient =  7.2e-18     lineslope =  0       
          nactive = 2   nchange = 0   neval = 2   nupdate = 0

ENERGY =   0         0       

TIME =  1.2e+02 

QPOS
   0.069   
   0.011   
   0.025   
  -1.7     
  -0.072   
   1.6     
   0.069   
   8.2e-07 
   1.7e-07 

QVEL
   0.00017 
  -5.8e-06 
   0.00023 
   9e-05   
   0.0012  
  -4.4e-05 
  -2.9e-06 
   0.00045 
  -0.0004  

QACC_WARMSTART
   0.53    
   0.065   
   0.85    
   0.51    
  -23      
  -0.49    
  -0.016   
  -0.011   
   0.037   

CTRL
   0.069   
   0.0046  
   0.025   
  -1.7     
  -0.072   
   1.6     
   0.069   
   0       

QFRC_APPLIED
   0       
   0       
   0       
   0       
   0       
   0       
   0       
   0       
   0       

XFRC_APPLIED
   0         0         0         0         0         0       
   0         0         0         0         0         0       
   0         0         0         0         0         0       
   0         0         0         0         0         0       
   0         0         0         0         0         0       
   0         0         0         0         0         0       
   0         0         0         0         0         0       
   0         0         0         0         0         0       
   0         0         0         0         0         0       
   0         0         0         0         0         0       
   0         0         0         0         0         0       
   0         0         0         0         0         0       
   0         0         0         0         0         0       

EQ_ACTIVE             1

QACC
   0.53    
   0.065   
   0.85    
   0.51    
  -23      
  -0.49    
  -0.016   
  -0.011   
   0.037   

XPOS
   0         0         0       
   0         0         0       
   0         0         0       
   0         0         0.33    
   0         0         0.33    
   0.0036    0.00025   0.65    
   0.086     0.008     0.65    
   0.47      0.044     0.69    
   0.47      0.044     0.69    
   0.56      0.053     0.68    
   0.56      0.045     0.57    
   0.55      0.04      0.52    
   0.55      0.04      0.52    

XQUAT
   1         0         0         0       
   1         0         0         0       
   1         0         0         0       
   1         0         0         0.035   
   0.71     -0.71     -0.02      0.028   
   1        -0.00013   0.0056    0.047   
   0.49      0.45      0.55     -0.51    
   0.67     -0.062     0.74      0.0073  
   0.73      0.68      0.057     0.013   
   0.038     1         0.015    -0.03    
   0.024     0.92      0.4      -0.043   
   0.024     0.92      0.4      -0.043   
   0.043     0.4      -0.92      0.024   

XMAT
   1         0         0         0         1         0         0         0         1       
   1         0         0         0         1         0         0         0         1       
   1         0         0         0         1         0         0         0         1       
   1        -0.069     0         0.069     1         0         0         0         1       
   1        -0.011    -0.069     0.069    -0.00078   1        -0.011    -1         1e-16   
   1        -0.093     0.011     0.093     1         0.00078  -0.011     0.00028   1       
  -0.11      0.99      0.093    -0.01      0.093    -1        -0.99     -0.11     -0.00028 
  -0.11     -0.1       0.99     -0.082     0.99      0.093    -0.99     -0.071    -0.11    
   0.99      0.059     0.1       0.097     0.078    -0.99     -0.066     1         0.071   
   1         0.033    -0.059     0.028    -1        -0.078    -0.061     0.076    -1       
   0.68      0.73     -0.059     0.72     -0.68     -0.078    -0.097     0.01     -1       
   0.68      0.73     -0.059     0.72     -0.68     -0.078    -0.097     0.01     -1       
  -0.68     -0.73     -0.059    -0.72      0.68     -0.078     0.097    -0.01     -1       

XIPOS
   0         0         0       
   0         0         0       
  -0.041    -0.00014   0.05    
   0.0037    0.0023    0.29    
  -0.0031    0.0033    0.36    
   0.027     0.042     0.58    
   0.2      -0.0091    0.69    
   0.43      0.083     0.7     
   0.53      0.06      0.67    
   0.57      0.053     0.62    
   0.55      0.035     0.54    
   0.55      0.04      0.52    
   0.55      0.04      0.52    

XIMAT
   1         0         0         0         1         0         0         0         1       
   1         0         0         0         1         0         0         0         1       
   0.13      0.0028    0.99      0.019    -1         0.00032   0.99      0.019    -0.13    
  -0.056    -1        -0.0078    1        -0.056    -0.028     0.028    -0.0094    1       
   0.38      0.0097    0.93      0.85     -0.41     -0.34      0.37      0.91     -0.16    
  -0.21     -0.93      0.3       0.92     -0.082     0.39     -0.34      0.36      0.87    
   0.61      0.012    -0.79     -0.64     -0.59     -0.5      -0.47      0.81     -0.35    
  -0.21     -0.17      0.96     -0.37      0.93      0.084    -0.91     -0.34     -0.26    
  -0.17     -0.17      0.97     -0.95     -0.25     -0.21      0.28     -0.95     -0.12    
   0.99      0.14      0.1       0.16     -0.96     -0.21      0.068     0.23     -0.97    
   0.68      0.73     -0.059     0.72     -0.68     -0.078    -0.097     0.01     -1       
   0.68      0.73     -0.059     0.72     -0.68     -0.078    -0.097     0.01     -1       
  -0.68     -0.73     -0.059    -0.72      0.68     -0.078     0.097    -0.01     -1       

XANCHOR
   0         0         0.33    
   0         0         0.33    
   0.0036    0.00025   0.65    
   0.086     0.008     0.65    
   0.47      0.044     0.69    
   0.47      0.044     0.69    
   0.56      0.053     0.68    
   0.55      0.04      0.52    
   0.55      0.04      0.52    

XAXIS
   0         0         1       
  -0.069     1         2.2e-16 
   0.011     0.00078   1       
   0.093    -1        -0.00028 
   0.99      0.093    -0.11    
   0.1      -0.99      0.071   
  -0.059    -0.078    -1       
   0.73     -0.68      0.01    
  -0.73      0.68     -0.01    

GEOM_XPOS
  -0.024     0.069     0.037   
  -0.025     0.073     0.037   
  -0.024    -0.065     0.063   
  -0.025    -0.073     0.063   
  -0.065    -0.066     0.048   
  -0.06      0.058     0.037   
   0.011    -0.072     0.046   
  -0.03     -3.4e-05   0.053   
  -0.025    -0.073     0.033   
  -0.024    -0.065     0.033   
   0.011     0.072     0.046   
  -0.029    -0.00088   0.057   
   0.0022   -0.032     0.27    
   0.0022   -0.031     0.26    
  -0.0014    0.032     0.4     
  -0.0014    0.031     0.4     
   0.042     0.028     0.61    
   0.026    -0.0089    0.64    
   0.061    -0.0058    0.59    
   0.073     0.087     0.64    
   0.045     0.029     0.61    
   0.15      0.025     0.67    
   0.13     -0.012     0.68    
   0.098    -0.071     0.65    
   0.1       0.021     0.71    
   0.13     -0.013     0.68    
   0.43      0.14      0.68    
   0.36      0.14      0.7     
   0.36      0.078     0.7     
   0.27      0.045     0.71    
   0.35      0.11      0.69    
   0.46      0.11      0.68    
   0.5       0.051     0.67    
   0.48     -0.008     0.69    
   0.58      0.06      0.75    
   0.57      0.07      0.76    
   0.58      0.06      0.76    
   0.57      0.048     0.76    
   0.56      0.058     0.76    
   0.54      0.057     0.76    
   0.59      0.061     0.75    
   0.48     -0.0077    0.69    
   0.57      0.059     0.76    
   0.57      0.059     0.76    
   0.56      0.084     0.76    
   0.57      0.034     0.76    
   0.49      0.0018    0.69    
   0.57      0.059     0.75    
   0.53      0.042     0.69    
   0.53      0.044     0.69    
   0.6       0.0061    0.6     
   0.62      0.031     0.6     
   0.52      0.077     0.59    
   0.52      0.082     0.59    
   0.52      0.083     0.59    
   0.58     -0.017     0.6     
   0.6       0.0078    0.61    
   0.56      0.047     0.6     
   0.57      0.037     0.6     
   0.55      0.043     0.56    
   0.49      0.11      0.58    
   0.51      0.092     0.59    
   0.56      0.04      0.54    
   0.56      0.044     0.57    
   0.55      0.043     0.55    
   0.56      0.028     0.5     
   0.55      0.033     0.47    
   0.56      0.028     0.5     
   0.55      0.033     0.47    
   0.55      0.039     0.47    
   0.55      0.031     0.47    
   0.56      0.04      0.48    
   0.55      0.032     0.48    
   0.54      0.05      0.5     
   0.55      0.04      0.47    
   0.54      0.05      0.5     
   0.55      0.04      0.47    
   0.54      0.034     0.47    
   0.55      0.042     0.47    
   0.54      0.034     0.48    
   0.55      0.042     0.48    

GEOM_XMAT
  -0.16     -0.99      0         0.99     -0.16      0         0         0         1       
   1         0         0         0         1         0         0         0         1       
   0.99      0        -0.17     -0.17      0        -0.99      0         1         0       
   1         0         0         0         1         0         0         0         1       
   0.16     -0.99      0         0.99      0.16      0         0         0         1       
   0        -1         0         1         0         0         0         0         1       
   0.16     -0.98     -0.12      0.99      0.16      0.022    -0.0026   -0.12      0.99    
  -0.42      0.0024    0.91     -0.0015   -1         0.0019    0.91     -0.00057   0.42    
   1         0         0         0         1         0         0         0         1       
   0.99      0        -0.15     -0.15      0        -0.99      0         1         0       
  -0.16     -0.98     -0.12      0.99     -0.16     -0.022     0.0025   -0.12      0.99    
  -0.36      0.0082    0.93      0.022    -1         0.017     0.93      0.027     0.36    
   1        -0.064     0.026     0.069     0.93     -0.37     -0.00014   0.37      0.93    
   1        -0.065     0.024     0.07      0.94     -0.34      0.00032   0.34      0.94    
   1        -0.06      0.036     0.069     0.93     -0.37     -0.011     0.37      0.93    
   1        -0.061     0.034     0.069     0.94     -0.34     -0.011     0.34      0.94    
  -0.73      0.24      0.64      0.11     -0.88      0.46      0.67      0.4       0.62    
   0.056    -0.98      0.17     -0.49     -0.17     -0.86      0.87     -0.033    -0.49    
  -0.77     -0.64      0.017     0.64     -0.77     -0.0043    0.016     0.0078    1       
  -0.16     -0.6       0.78      0.99     -0.055     0.16     -0.052     0.8       0.6     
  -0.76      0.14      0.63      0.2      -0.87      0.44      0.61      0.47      0.64    
   0.14      0.015    -0.99     -0.7       0.71     -0.087     0.7       0.71      0.11    
   0.46      0.58     -0.67      0.37     -0.81     -0.45     -0.81     -0.038    -0.58    
   0.15     -0.71     -0.69     -0.99     -0.068    -0.15      0.059     0.7      -0.71    
   0.91      0.15     -0.39     -0.41      0.093    -0.91     -0.1       0.98      0.15    
   0.42      0.59     -0.69      0.4      -0.8      -0.44     -0.81     -0.085    -0.57    
  -0.15      0.11      0.98      0.99      0.086     0.14     -0.069     0.99     -0.12    
  -0.11     -0.1       0.99     -0.082     0.99      0.093    -0.99     -0.071    -0.11    
  -0.11     -0.37      0.92     -0.082     0.93      0.36     -0.99     -0.037    -0.13    
   0.86     -0.018    -0.51     -0.5       0.23     -0.84      0.13      0.97      0.19    
  -0.34      0.11      0.93      0.94      0.088     0.33     -0.045     0.99     -0.13    
  -0.1       0.88      0.47     -0.076     0.47     -0.88     -0.99     -0.13      0.019   
   0.062    -0.54      0.84     -0.99     -0.12     -0.006     0.11     -0.83     -0.54    
   0.1      -0.99     -0.059    -0.99     -0.097    -0.078     0.071     0.066    -1       
   0.28     -0.046     0.96      0.088    -0.99     -0.073     0.96      0.1      -0.28    
   0.99      0.059     0.1       0.097     0.078    -0.99     -0.066     1         0.071   
   0.99      0.059     0.1       0.097     0.078    -0.99     -0.066     1         0.071   
   0.99      0.059     0.1       0.097     0.078    -0.99     -0.066     1         0.071   
   0.99      0.059     0.1       0.097     0.078    -0.99     -0.066     1         0.071   
   0.99      0.059     0.1       0.097     0.078    -0.99     -0.066     1         0.071   
   0.99      0.059     0.1       0.097     0.078    -0.99     -0.066     1         0.071   
   0.1      -0.059     0.99     -0.99     -0.078     0.097     0.071    -1        -0.066   
   0.27      0.13      0.95      0.097    -0.99      0.11      0.96      0.063    -0.28    
   0.99      0.059     0.1       0.097     0.078    -0.99     -0.066     1         0.071   
   0.99      0.059     0.1       0.097     0.078    -0.99     -0.066     1         0.071   
   0.99      0.059     0.1       0.097     0.078    -0.99     -0.066     1         0.071   
   0.0021   -0.048     1        -1        -0.079    -0.0017    0.079    -1        -0.048   
   0.27      0.077     0.96      0.097    -0.99      0.052     0.96      0.079    -0.28    
   0.35     -0.062     0.93     -0.93     -0.13      0.34      0.098    -0.99     -0.1     
   0.24      0.067     0.97     -0.97     -0.053     0.25      0.068    -1         0.052   
  -0.21     -0.71      0.67      0.071     0.68      0.73     -0.97      0.2      -0.094   
   0.74     -0.21     -0.64      0.66      0.095     0.74     -0.096    -0.97      0.21    
   0.68     -0.059    -0.73      0.72     -0.078     0.69     -0.097    -1        -0.01    
   1         0.033    -0.059     0.028    -1        -0.078    -0.061     0.076    -1       
   1         0.033    -0.059     0.028    -1        -0.078    -0.061     0.076    -1       
  -0.62     -0.24      0.75     -0.78      0.068    -0.62      0.097    -0.97     -0.23    
  -0.26     -0.68      0.68      0.11      0.68      0.72     -0.96      0.27     -0.097   
  -0.059    -0.035     1        -0.074     1         0.03     -1        -0.072    -0.061   
  -0.098    -0.68     -0.72     -0.041    -0.72      0.69     -0.99      0.097     0.043   
  -0.059    -0.68     -0.73     -0.078    -0.72      0.68     -1         0.097    -0.01    
   0.68      0.66     -0.31      0.72     -0.67      0.17     -0.097    -0.34     -0.93    
   0.68     -0.059    -0.73      0.72     -0.078     0.68     -0.097    -1        -0.01    
   0.68     -0.051    -0.73      0.72     -0.085     0.68     -0.097    -1        -0.021   
  -0.059    -0.68      0.73     -0.077     0.73      0.68     -1        -0.016    -0.096   
   0.68     -0.078    -0.73      0.72     -0.06      0.69     -0.097    -1         0.015   
   0.72     -0.68     -0.11     -0.69     -0.72     -0.025    -0.066     0.097    -0.99    
   0.73     -0.68     -0.059    -0.68     -0.72     -0.078     0.01      0.097    -1       
   0.72     -0.68     -0.11     -0.69     -0.72     -0.025    -0.066     0.097    -0.99    
   0.68      0.73     -0.059     0.72     -0.68     -0.078    -0.097     0.01     -1       
   0.68      0.73     -0.059     0.72     -0.68     -0.078    -0.097     0.01     -1       
   0.68      0.73     -0.059     0.72     -0.68     -0.078    -0.097     0.01     -1       
   0.68      0.73     -0.059     0.72     -0.68     -0.078    -0.097     0.01     -1       
   0.68      0.73     -0.059     0.72     -0.68     -0.078    -0.097     0.01     -1       
  -0.73      0.68     -0.0031    0.68      0.72     -0.13     -0.086    -0.097    -0.99    
  -0.73      0.68     -0.059     0.68      0.72     -0.078    -0.01     -0.097    -1       
  -0.73      0.68     -0.0031    0.68      0.72     -0.13     -0.086    -0.097    -0.99    
  -0.68     -0.73     -0.059    -0.72      0.68     -0.078     0.097    -0.01     -1       
  -0.68     -0.73     -0.059    -0.72      0.68     -0.078     0.097    -0.01     -1       
  -0.68     -0.73     -0.059    -0.72      0.68     -0.078     0.097    -0.01     -1       
  -0.68     -0.73     -0.059    -0.72      0.68     -0.078     0.097    -0.01     -1       
  -0.68     -0.73     -0.059    -0.72      0.68     -0.078     0.097    -0.01     -1       

LIGHT_XPOS
   0.15      0.016     1.9     

LIGHT_XDIR
   0         0        -1       

SUBTREE_COM
   0.17      0.022     0.51    
   0.17      0.022     0.51    
   0.17      0.022     0.51    
   0.18      0.023     0.53    
   0.26      0.031     0.63    
   0.27      0.033     0.64    
   0.37      0.029     0.67    
   0.51      0.061     0.65    
   0.54      0.052     0.63    
   0.56      0.044     0.58    
   0.55      0.035     0.54    
   0.55      0.04      0.52    
   0.55      0.04      0.52    

CDOF
   0         0         1        -0.022     0.17      0       
  -0.069     1         2.2e-16   0.18      0.012    -0.18    
   0.011     0.00078   1        -0.022     0.17      0.00011 
   0.093    -1        -0.00028   0.14      0.013     0.089   
   0.99      0.093    -0.11     -0.019     0.21      0.0056  
   0.1      -0.99      0.071     0.18     -0.0034   -0.3     
  -0.059    -0.078    -1        -0.018     0.38     -0.028   
   0         0         0         0.73     -0.68      0.01    
   0         0         0        -0.73      0.68     -0.01    

CINERT
   0         0         0         0         0         0         0         0         0         0       
   0         0         0         0         0         0        -0        -0        -0         0       
   0.14      0.17      0.034    -0.003    -0.062    -0.0064   -0.14     -0.014    -0.29      0.63    
   0.95      1.1       0.16     -0.017    -0.18     -0.0021   -0.85     -0.097    -1.1       5       
   0.021     0.062     0.049     0.0068   -0.013    -0.0023   -0.11     -0.012    -0.095     0.65    
   0.057     0.12      0.083     0.0048    0.025    -0.019    -0.48      0.064     0.24      3.2     
   0.14      0.15      0.033    -0.0069   -0.022     0.019     0.084    -0.11      0.65      3.6     
   0.059     0.16      0.12     -0.02     -0.054    -0.011     0.32      0.074     0.23      1.2     
   0.046     0.26      0.22     -0.022    -0.095    -0.01      0.6       0.063     0.26      1.7     
   0.022     0.13      0.12     -0.0084   -0.031    -0.0036    0.29      0.023     0.081     0.74    
   0.0029    0.1       0.1      -0.0043   -0.0099   -0.00031   0.27      0.0096    0.027     0.73    
   8.2e-06   0.0022    0.0022   -0.0001   -4.2e-05  -2.1e-06   0.0057    0.00027   0.00011   0.015   
   8.2e-06   0.0022    0.0022   -0.0001   -4.2e-05  -2.1e-06   0.0057    0.00027   0.00011   0.015   

TEN_LENGTH
   4.5e-07 

TEN_MOMENT
   0         0         0         0         0         0         0         0.5       0.5     

TENDON 0: 0 wrap points

ACTUATOR_LENGTH
   0.069   
   0.011   
   0.025   
  -1.7     
  -0.072   
   1.6     
   0.069   
   4.5e-07 

actuator_moment
-----------
 x         |
  x        |
   x       |
    x      |
     x     |
      x    |
       x   |
        xx |
-----------

ACTUATOR_MOMENT
     0:  1       
     1:  1       
     2:  1       
     3:  1       
     4:  1       
     5:  1       
     6:  1       
     7:  0.5        8:  0.5     

CRB
   0         0         0         0         0         0         0         0         0         0       
   1.4       2.3       0.92     -0.07     -0.45     -0.036    -1.7e-16   3.8e-17   1.1e-16   17      
   1.4       2.3       0.92     -0.07     -0.45     -0.036    -1.7e-16   3.8e-17   1.1e-16   17      
   1.3       2.1       0.89     -0.067    -0.38     -0.029     0.14      0.014     0.29      17      
   0.35      0.99      0.73     -0.051    -0.2      -0.027     0.98      0.11      1.4       12      
   0.33      0.93      0.69     -0.057    -0.19     -0.025     1.1       0.12      1.5       11      
   0.27      0.81      0.6      -0.062    -0.21     -0.0064    1.6       0.059     1.3       8       
   0.13      0.66      0.57     -0.055    -0.19     -0.026     1.5       0.17      0.61      4.4     
   0.071     0.5       0.45     -0.035    -0.14     -0.014     1.2       0.096     0.37      3.2     
   0.025     0.24      0.23     -0.013    -0.041    -0.0039    0.57      0.033     0.11      1.5     
   0.0029    0.11      0.11     -0.0045   -0.01     -0.00031   0.28      0.01      0.027     0.76    
   8.2e-06   0.0022    0.0022   -0.0001   -4.2e-05  -2.1e-06   0.0057    0.00027   0.00011   0.015   
   8.2e-06   0.0022    0.0022   -0.0001   -4.2e-05  -2.1e-06   0.0057    0.00027   0.00011   0.015   

QM
   1.6     
  -0.055     2.7     
   1.4      -0.055     1.5     
  -0.00061  -1.2      -9.3e-05   1.1     
   0.088    -0.021     0.088     0.018     0.14    
   0.013    -0.092     0.013     0.13      0.00019   0.15    
  -0.0081   -0.00012  -0.0081   -0.00061  -0.00054  -0.0013    0.11    
  -0.0061    0.0018   -0.0061    0.0014   -0.0018    0.0016    4.3e-19   0.11    
   0.0061   -0.0018    0.0061   -0.0014    0.0018   -0.0016    4.3e-19             0.12    

M
     0:  1.6     
     0: -0.055      1:  2.7     
     0:  1.4        1: -0.055      2:  1.5     
     0: -0.00061    1: -1.2        2: -9.3e-05    3:  1.1     
     0:  0.088      1: -0.021      2:  0.088      3:  0.018      4:  0.14    
     0:  0.013      1: -0.092      2:  0.013      3:  0.13       4:  0.00019    5:  0.15    
     0: -0.0081     1: -0.00012    2: -0.0081     3: -0.00061    4: -0.00054    5: -0.0013     6:  0.11    
     0: -0.0061     1:  0.0018     2: -0.0061     3:  0.0014     4: -0.0018     5:  0.0016     6:  4.3e-19    7:  0.11    
     0:  0.0061     1: -0.0018     2:  0.0061     3: -0.0014     4:  0.0018     5: -0.0016     6:  4.3e-19    8:  0.12    

QLD
     0:  0.23    
     0: -0.0037     1:  1.3     
     0:  0.94       1: -0.042      2:  1.4     
     0: -0.024      1: -1.2        2: -0.024      3:  0.95    
     0:  0.61       1: -0.14       2:  0.61       3:  0.12       4:  0.14    
     0:  0.089      1: -0.6        2:  0.088      3:  0.86       4:  0.0015     5:  0.15    
     0: -0.076      1: -0.0011     2: -0.076      3: -0.0057     4: -0.0051     5: -0.012      6:  0.11    
     0: -0.053      1:  0.015      2: -0.053      3:  0.012      4: -0.016      5:  0.014      6:  3.8e-18    7:  0.11    
     0:  0.053      1: -0.015      2:  0.053      3: -0.012      4:  0.016      5: -0.014      6:  3.8e-18    8:  0.12    

QLDIAGINV
   4.3     
   0.79    
   0.69    
   1.1     
   7       
   6.5     
   9.4     
   8.7     
   8.7     

QH
     0:  1.6     
     0: -0.0073     1:  2.7     
     0:  0.64       1: -0.024      2:  2.2     
     0: -0.0038     1: -0.68       2: -0.0035     3:  1.7     
     0:  0.16       1: -0.038      2:  0.16       3:  0.032      4:  0.55    
     0:  0.025      1: -0.17       2:  0.024      3:  0.24       4:  0.00042    5:  0.56    
     0: -0.016      1: -0.00023    2: -0.016      3: -0.0012     4: -0.0011     5: -0.0026     6:  0.51    
     0: -0.05       1:  0.015      2: -0.05       3:  0.011      4: -0.015      5:  0.013      6:  3.6e-18    7:  0.12    
     0:  0.05       1: -0.015      2:  0.05       3: -0.011      4:  0.015      5: -0.013      6:  3.6e-18    8:  0.12    

QHDIAGINV
   0.64    
   0.36    
   0.46    
   0.58    
   1.8     
   1.8     
   2       
   8.2     
   8.2     

B: body-dof matrix
-----------
 xxxxxxxxx |
 xxxxxxxxx |
 xxxxxxxxx |
 xxxxxxxxx |
 xxxxxxxxx |
 xxxxxxxxx |
 xxxxxxxxx |
 xxxxxxxxx |
 xxxxxxxxx |
 xxxxxxxxx |
 xxxxxxxxx |
 xxxxxxxx  |
 xxxxxxx x |
-----------

B_rownnz              9 9 9 9 9 9 9 9 9 9 9 8 8

B_rowadr              0 9 18 27 36 45 54 63 72 81 90 99 107

B_colind              0 1 2 3 4 5 6 7 8 0 1 2 3 4 5 6 7 8 0 1 2 3 4 5 6 7 8 0 1 2 3 4 5 6 7 8 0 1 2 3 4 5 6 7 8 0 1 2 3 4 5 6 7 8 0 1 2 3 4 5 6 7 8 0 1 2 3 4 5 6 7 8 0 1 2 3 4 5 6 7 8 0 1 2 3 4 5 6 7 8 0 1 2 3 4 5 6 7 8 0 1 2 3 4 5 6 7 0 1 2 3 4 5 6 8

M: reduced inertia matrix
-----------
 x         |
 xx        |
 xxx       |
 xxxx      |
 xxxxx     |
 xxxxxx    |
 xxxxxxx   |
 xxxxxxxx  |
 xxxxxxx x |
-----------

M_rownnz              1 2 3 4 5 6 7 8 8

M_rowadr              0 1 3 6 10 15 21 28 36

M_colind              0 0 1 0 1 2 0 1 2 3 0 1 2 3 4 0 1 2 3 4 5 0 1 2 3 4 5 6 0 1 2 3 4 5 6 7 0 1 2 3 4 5 6 8

mapM2M                0 2 1 5 4 3 9 8 7 6 14 13 12 11 10 20 19 18 17 16 15 27 26 25 24 23 22 21 35 34 33 32 31 30 29 28 43 42 41 40 39 38 37 36

D: dof-dof matrix
-----------
 Dxxxxxxxx |
 xDxxxxxxx |
 xxDxxxxxx |
 xxxDxxxxx |
 xxxxDxxxx |
 xxxxxDxxx |
 xxxxxxDxx |
 xxxxxxxD  |
 xxxxxxx D |
-----------

D_rownnz              9 9 9 9 9 9 9 8 8

D_rowadr              0 9 18 27 36 45 54 63 71

D_colind              0 1 2 3 4 5 6 7 8 0 1 2 3 4 5 6 7 8 0 1 2 3 4 5 6 7 8 0 1 2 3 4 5 6 7 8 0 1 2 3 4 5 6 7 8 0 1 2 3 4 5 6 7 8 0 1 2 3 4 5 6 7 8 0 1 2 3 4 5 6 7 0 1 2 3 4 5 6 8

mapM2D                0 2 5 9 14 20 27 35 43 2 1 4 8 13 19 26 34 42 5 4 3 7 12 18 25 33 41 9 8 7 6 11 17 24 32 40 14 13 12 11 10 16 23 31 39 20 19 18 17 16 15 22 30 38 27 26 25 24 23 22 21 29 37 35 34 33 32 31 30 29 28 43 42 41 40 39 38 37 36

mapD2M                0 10 9 20 19 18 30 29 28 27 40 39 38 37 36 50 49 48 47 46 45 60 59 58 57 56 55 54 70 69 68 67 66 65 64 63 78 77 76 75 74 73 72 71

QDERIV
     0: -4.5e+02    1:  0          2:  0          3:  0          4:  0          5:  0          6:  0          7:  0          8:  0       
     0:  0          1: -4.5e+02    2:  0          3:  0          4:  0          5:  0          6:  0          7:  0          8:  0       
     0:  0          1:  0          2: -3.5e+02    3:  0          4:  0          5:  0          6:  0          7:  0          8:  0       
     0:  0          1:  0          2:  0          3: -3.5e+02    4:  0          5:  0          6:  0          7:  0          8:  0       
     0:  0          1:  0          2:  0          3:  0          4: -2e+02      5:  0          6:  0          7:  0          8:  0       
     0:  0          1:  0          2:  0          3:  0          4:  0          5: -2e+02      6:  0          7:  0          8:  0       
     0:  0          1:  0          2:  0          3:  0          4:  0          5:  0          6: -2e+02      7:  0          8:  0       
     0:  0          1:  0          2:  0          3:  0          4:  0          5:  0          6:  0          7: -3.5     
     0:  0          1:  0          2:  0          3:  0          4:  0          5:  0          6:  0          8: -3.5     

CONTACT
EFC_TYPE
  0
  3

EFC_ID
  0
  7

EFC_J
   0         0         0         0         0         0         0         1        -1       
   0         0         0         0         0         0         0         1         0       

EFC_POS
  -1e-06   
  -7e-08   

EFC_MARGIN
   0       
   0       

EFC_FRICTIONLOSS
   0       
   0       

EFC_DIAGAPPROX
   17      
   8.7     

EFC_KBIP
   4.1e+04   4e+02     0.95     -0.17    
   2.8e+03   1.1e+02   0.9      -0.014   

EFC_D
   1.1     
   1       

EFC_R
   0.92    
   0.97    

TEN_VELOCITY
  -1.4e-06 

ACTUATOR_VELOCITY
  -8.1e-05 
   2.5e-05 
  -0.0001  
  -1.2e-05 
   0.013   
  -7.2e-06 
   1.1e-06 
  -1.4e-06 

CVEL
   0         0         0         0         0         0       
   0         0         0         0         0         0       
   0         0         0         0         0         0       
   0         0        -8.1e-05   1.8e-06  -1.4e-05   0       
  -1.8e-06   2.5e-05  -8.1e-05   6.2e-06  -1.4e-05  -4.5e-06 
  -2.9e-06   2.5e-05  -0.00018   8.5e-06  -3.1e-05  -4.5e-06 
  -4e-06     3.7e-05  -0.00018   6.8e-06  -3.2e-05  -5.5e-06 
   0.013     0.0012   -0.0016   -0.00023   0.0026    6.5e-05 
   0.013     0.0012   -0.0016   -0.00024   0.0026    6.8e-05 
   0.013     0.0012   -0.0016   -0.00024   0.0026    6.8e-05 
   0.013     0.0012   -0.0016   -0.00024   0.0026    6.8e-05 
   0.013     0.0012   -0.0016   -0.00018   0.0026    6.8e-05 
   0.013     0.0012   -0.0016   -0.00018   0.0026    6.8e-05 

CDOF_DOT
   0         0         0         0         0         0       
   8.1e-05   5.6e-06   0         9.8e-07  -1.4e-05   8e-07   
   2.5e-05   8.4e-07  -2.9e-07   1.5e-07  -4.5e-06   4.1e-07 
  -0.00018  -1.7e-05   5.3e-07   2.1e-07  -2.6e-05  -9e-06   
   1.3e-05  -0.00018  -3.7e-05   4.3e-05  -1.1e-06   3.2e-05 
  -0.0015   -0.0011   -0.013    -0.00012   0.0035   -0.00029 
  -0.0013    0.013    -0.0009   -0.002     0.00014   0.0049  
   0        -0         0        -0.0011   -0.0013   -0.0095  
   0        -0         0         0.0011    0.0013    0.0095  

QFRC_BIAS
  -3.6e-06 
  -30      
   0.017   
   22      
   0.54    
   2.2     
   0.0031  
   0.0015  
  -0.0015  

QFRC_SPRING
   0       
   0       
   0       
   0       
   0       
   0       
   0       
   0       
   0       

QFRC_DAMPER
   8.1e-05 
  -2.5e-05 
   0.0001  
   1.2e-05 
  -0.013   
   7.2e-06 
  -1.1e-06 
  -7.4e-05 
   7.7e-05 

QFRC_GRAVCOMP
   0       
   0       
   0       
   0       
   0       
   0       
   0       
   0       
   0       

QFRC_FLUID
   0       
   0       
   0       
   0       
   0       
   0       
   0       
   0       
   0       

QFRC_PASSIVE
   8.1e-05 
  -2.5e-05 
   0.0001  
   1.2e-05 
  -0.013   
   7.2e-06 
  -1.1e-06 
  -7.4e-05 
   7.7e-05 

EFC_VEL
   0.00015 
   7.4e-05 

EFC_AREF
  -0.021   
  -0.0076  

SUBTREE_LINVEL
   0         0         0       
   0         0         0       
   0         0         0       
   0         0         0       
   0         0         0       
   0         0         0       
   0         0         0       
   0         0         0       
   0         0         0       
   0         0         0       
   0         0         0       
   0         0         0       
   0         0         0       

SUBTREE_ANGMOM
   0         0         0       
   0         0         0       
   0         0         0       
   0         0         0       
   0         0         0       
   0         0         0       
   0         0         0       
   0         0         0       
   0         0         0       
   0         0         0       
   0         0         0       
   0         0         0       
   0         0         0       

ACTUATOR_FORCE
   0.044   
  -30      
   0.061   
   22      
  -2.6     
   2.2     
   0.0029  
  -3.1e-05 

QFRC_ACTUATOR
   0.044   
  -30      
   0.061   
   22      
  -2.6     
   2.2     
   0.0029  
  -1.5e-05 
  -1.5e-05 

QFRC_SMOOTH
   0.044   
  -0.013   
   0.044   
   0.0057  
  -3.1     
   0.0014  
  -0.00026 
  -0.0016  
   0.0016  

QACC_SMOOTH
   0.53    
   0.066   
   0.85    
   0.51    
  -23      
  -0.48    
  -0.016   
  -0.3     
   0.3     

EFC_B
  -0.57    
  -0.29    

EFC_FORCE
   0.03    
   0.0031  

EFC_STATE
  1
  1

QFRC_CONSTRAINT
   0       
   0       
   0       
   0       
   0       
   0       
   0       
   0.033   
  -0.03    

QFRC_INVERSE
   0       
   0       
   0       
   0       
   0       
   0       
   0       
   0       
   0       

CACC
   0         0         0         0         0         0       
   0         0         0         0         0         0       
   0         0         0         0         0         0       
   0         0         0         0         0         0       
   0         0         0         0         0         0       
   0         0         0         0         0         0       
   0         0         0         0         0         0       
   0         0         0         0         0         0       
   0         0         0         0         0         0       
   0         0         0         0         0         0       
   0         0         0         0         0         0       
   0         0         0         0         0         0       
   0         0         0         0         0         0       

CFRC_INT
   0         0         0         0         0         0       
   0         0         0         0         0         0       
   0         0         0         0         0         0       
   0         0         0         0         0         0       
   0         0         0         0         0         0       
   0         0         0         0         0         0       
   0         0         0         0         0         0       
   0         0         0         0         0         0       
   0         0         0         0         0         0       
   0         0         0         0         0         0       
   0         0         0         0         0         0       
   0         0         0         0         0         0       
   0         0         0         0         0         0       

CFRC_EXT
   0         0         0         0         0         0       
   0         0         0         0         0         0       
   0         0         0         0         0         0       
   0         0         0         0         0         0       
   0         0         0         0         0         0       
   0         0         0         0         0         0       
   0         0         0         0         0         0       
   0         0         0         0         0         0       
   0         0         0         0         0         0       
   0         0         0         0         0         0       
   0         0         0         0         0         0       
   0         0         0         0         0         0       
   0         0         0         0         0         0       

TENDON_EFCADR         -1

